# Created by Octave 5.2.0, Fri Jun 25 13:19:46 2021 CEST <moritz@moritz-ideapad>
# name: Alpha21
# type: matrix
# rows: 1241
# columns: 2
 100 0.00046455776541654004
 105 0.00047777238592172644
 110 0.00049069725178219059
 115 0.00050336704730047366
 120 0.00051580853253607728
 125 0.0005280423848691429
 130 0.00054008463751575864
 135 0.00055194779907385971
 140 0.00056364172153200442
 145 0.00057517427043241032
 150 0.00058655183973954639
 155 0.00059777974509622744
 160 0.00060886252205627489
 165 0.00061980415030382652
 170 0.00063060822041671738
 175 0.00064127805623581668
 180 0.00065181680311410251
 185 0.00066222749011879412
 190 0.00067251307252491621
 195 0.00068267645953479228
 200 0.00069272053108848652
 205 0.00070264814673703935
 210 0.00071246214888776027
 215 0.00072216536216751503
 220 0.00073176059024426809
 225 0.00074125061109875379
 230 0.00075063817148413037
 235 0.00075992598110585785
 240 0.00076911670690105183
 245 0.00077821296767044412
 250 0.00078721732923292542
 255 0.00079613230019282
 260 0.00080496032837751308
 265 0.00081370379794065695
 270 0.00082236502712851323
 275 0.00083094626666380123
 280 0.0008394496987100819
 285 0.00084787743635872381
 290 0.00085623152358538235
 295 0.00086451393562081424
 300 0.00087272657967518708
 305 0.00088087129597380631
 310 0.00088894985904619528
 315 0.00089696397922478521
 320 0.0009049153043176883
 325 0.00091280542141092269
 330 0.00092063585877388832
 335 0.00092840808783045681
 340 0.0009361235251834632
 345 0.0009437835346545187
 350 0.00095138942933470361
 355 0.00095894247362182661
 360 0.00096644388523192681
 365 0.00097389483717724712
 370 0.00098129645969990964
 375 0.00098864984215385476
 380 0.00099595603482682815
 385 0.0010032160507065235
 390 0.0010104308671788909
 395 0.0010176014276611633
 400 0.0010247286431678271
 405 0.0010318133938096441
 410 0.0010388565302258401
 415 0.0010458588749496789
 420 0.0010528212237064238
 425 0.0010597443466543455
 430 0.0010666289895563397
 435 0.0010734758748969231
 440 0.0010802857029423851
 445 0.0010870591527393225
 450 0.0010937968830680989
 455 0.0011004995333420142
 460 0.0011071677244565148
 465 0.0011138020595978793
 470 0.0011204031250020563
 475 0.001126971490678419
 480 0.0011335077110891101
 485 0.0011400123257963024
 490 0.0011464858600696015
 495 0.0011529288254664705
 500 0.0011593417203744627
 505 0.0011657250305338041
 510 0.0011720792295211169
 515 0.0011784047792184893
 520 0.0011847021302495708
 525 0.0011909717223980154
 530 0.0011972139850026098
 535 0.0012034293373328619
 540 0.0012096181889453828
 545 0.0012157809400216157
 550 0.0012219179816915782
 555 0.0012280296963397275
 560 0.0012341164578960617
 565 0.0012401786321141195
 570 0.0012462165768376554
 575 0.0012522306422512175
 580 0.0012582211711226199
 585 0.0012641884990335361
 590 0.0012701329546001006
 595 0.0012760548596841836
 600 0.0012819545295942314
 605 0.0012878322732785552
 610 0.0012936883935126264
 615 0.0012995231870756019
 620 0.0013053369449214092
 625 0.0013111299523430597
 630 0.0013169024891300785
 635 0.001322654829719716
 640 0.0013283872433438315
 645 0.0013340999941691134
 650 0.0013397933414331931
 655 0.0013454675395718763
 660 0.0013511228383502605
 665 0.0013567594829803076
 670 0.0013623777142388604
 675 0.0013679777685823291
 680 0.0013735598782547154
 685 0.0013791242713940832
 690 0.0013846711721349214
 695 0.0013902008007060651
 700 0.0013957133735290617
 705 0.0014012091033083207
 710 0.0014066881991222635
 715 0.0014121508665115856
 720 0.0014175973075605253
 725 0.0014230277209820175
 730 0.0014284423021951875
 735 0.0014338412434035108
 740 0.0014392247336681985
 745 0.0014445929589816942
 750 0.0014499461023391724
 755 0.0014552843438039309
 760 0.0014606078605766681
 765 0.0014659168270595435
 770 0.0014712114149175726
 775 0.0014764917931400223
 780 0.0014817581281019176
 785 0.0014870105836178871
 790 0.0014922493210014487
 795 0.0014974744991173017
 800 0.0015026862744361713
 805 0.0015078848010857682
 810 0.0015130702308994159
 815 0.0015182427134678989
 820 0.0015234023961847587
 825 0.0015285494242935904
 830 0.0015336839409316738
 835 0.001538806087176936
 840 0.0015439160020878084
 845 0.0015490138227456374
 850 0.0015540996842973165
 855 0.0015591737199902589
 860 0.0015642360612170281
 865 0.0015692868375470903
 870 0.0015743261767682259
 875 0.0015793542049180598
 880 0.0015843710463214755
 885 0.0015893768236245887
 890 0.0015943716578261657
 895 0.0015993556683114862
 900 0.0016043289728828736
 905 0.0016092916877908925
 910 0.0016142439277634368
 915 0.0016191858060372599
 920 0.0016241174343827325
 925 0.001629038923135262
 930 0.0016339503812207168
 935 0.0016388519161814052
 940 0.0016437436342044975
 945 0.0016486256401434529
 950 0.0016534980375466635
 955 0.0016583609286779932
 960 0.0016632144145436456
 965 0.0016680585949120363
 970 0.0016728935683389956
 975 0.001677719432187863
 980 0.0016825362826516921
 985 0.0016873442147737894
 990 0.0016921433224680316
 995 0.0016969336985404038
 1000 0.0017017154347066521
 1005 0.0017064886216114905
 1010 0.0017112533488499171
 1015 0.0017160097049813139
 1020 0.0017207577775507632
 1025 0.0017254976531054789
 1030 0.0017302294172113486
 1035 0.0017349531544692542
 1040 0.0017396689485333905
 1045 0.0017443768821256977
 1050 0.0017490770370516273
 1055 0.0017537694942170168
 1060 0.0017584543336395253
 1065 0.0017631316344679515
 1070 0.0017678014749928916
 1075 0.0017724639326621716
 1080 0.0017771190840951689
 1085 0.0017817670050963574
 1090 0.0017864077706662984
 1095 0.0017910414550184051
 1100 0.001795668131586825
 1105 0.0018002878730436489
 1110 0.0018049007513076809
 1115 0.0018095068375582057
 1120 0.0018141062022452026
 1125 0.0018186989151023347
 1130 0.0018232850451569416
 1135 0.001827864660742029
 1140 0.0018324378295061505
 1145 0.0018370046184241762
 1150 0.0018415650938071737
 1155 0.001846119321314843
 1160 0.0018506673659623996
 1165 0.0018552092921321206
 1170 0.001859745163581783
 1175 0.0018642750434569866
 1180 0.001868798994294818
 1185 0.0018733170780389496
 1190 0.0018778293560448578
 1195 0.0018823358890893704
 1200 0.001886836737378661
 1205 0.0018913319605581291
 1210 0.0018958216177189513
 1215 0.0019003057674071844
 1220 0.0019047844676316483
 1225 0.0019092577758708096
 1230 0.0019137257490817738
 1235 0.0019181884437060592
 1240 0.001922645915677923
 1245 0.0019270982204326881
 1250 0.0019315454129120724
 1255 0.0019359875475709609
 1260 0.0019404246783862877
 1265 0.0019448568588616988
 1270 0.0019492841420355456
 1275 0.001953706580485548
 1280 0.0019581242263388976
 1285 0.0019625371312730344
 1290 0.0019669453465267495
 1295 0.0019713489229032932
 1300 0.0019757479107783693
 1305 0.0019801423601033541
 1310 0.0019845323204135124
 1315 0.0019889178408326602
 1320 0.0019932989700783832
 1325 0.0019976757564683645
 1330 0.0020020482479242707
 1335 0.0020064164919781913
 1340 0.0020107805357785224
 1345 0.002015140426092632
 1350 0.0020194962093146307
 1355 0.0020238479314683699
 1360 0.0020281956382125488
 1365 0.0020325393748468201
 1370 0.0020368791863147884
 1375 0.0020412151172090054
 1380 0.0020455472117775209
 1385 0.0020498755139243263
 1390 0.0020542000672169047
 1395 0.0020585209148912265
 1400 0.0020628380998523044
 1405 0.0020671516646821875
 1410 0.0020714616516412931
 1415 0.0020757681026745134
 1420 0.0020800710594141014
 1425 0.0020843705631831133
 1430 0.0020886666550009592
 1435 0.0020929593755848463
 1440 0.0020972487653575511
 1445 0.0021015348644449761
 1450 0.0021058177126859201
 1455 0.0021100973496323006
 1460 0.0021143738145524837
 1465 0.0021186471464365031
 1470 0.0021229173839985016
 1475 0.0021271845656805066
 1480 0.0021314487296545392
 1485 0.0021357099138270552
 1490 0.0021399681558427197
 1495 0.0021442234930856285
 1500 0.0021484759626846373
 1505 0.0021527256015143603
 1510 0.0021569724461991679
 1515 0.0021612165331171829
 1520 0.0021654578984013906
 1525 0.002169696577943192
