# Created by Octave 5.2.0, Fri Jun 25 13:19:46 2021 CEST <moritz@moritz-ideapad>
# name: Alpha2
# type: matrix
# rows: 1241
# columns: 2
 100 0.014415634909765718
 105 0.016130306862012667
 110 0.017966256355895216
 115 0.019926387804898638
 120 0.022013464031899632
 125 0.024230099375117997
 130 0.026578748645916694
 135 0.02906169206411624
 140 0.031681016366247761
 145 0.034438592329326889
 150 0.037336048985222914
 155 0.040374744825180553
 160 0.0435557363153245
 165 0.046879744065822071
 170 0.050347117021202537
 175 0.053957795068647729
 180 0.057711270495615086
 185 0.061606548767874636
 190 0.065642109143383864
 195 0.069815865685319389
 200 0.074125129287421432
 205 0.078566571374751315
 210 0.083136189990621112
 215 0.087829279023326712
 220 0.092640401361525293
 225 0.097563366791654227
 230 0.10259121546165517
 235 0.10771620772939305
 240 0.11292982118871642
 245 0.11822275561857853
 250 0.12358494652899654
 255 0.12900558788053484
 260 0.13447316443095336
 265 0.13997549401407883
 270 0.14549977988352725
 275 0.15103267306034174
 280 0.15656034441294964
 285 0.16206856597535746
 290 0.16754280078141381
 295 0.17296830026651744
 300 0.17833020807116318
 305 0.18361366888128516
 310 0.18880394076659046
 315 0.19388650933742568
 320 0.19884720193994876
 325 0.20367230005369841
 330 0.20834864804881215
 335 0.21286375650389922
 340 0.21720589837955506
 345 0.22136419648437389
 350 0.22532870085550016
 355 0.22909045489804669
 360 0.23264154937922032
 365 0.23597516364484605
 370 0.23908559370849825
 375 0.24196826714699005
 380 0.24461974501094685
 385 0.24703771121702944
 390 0.24922095012144407
 395 0.25116931317654112
 400 0.25288367573912185
 405 0.25436588522761328
 410 0.25561870191452185
 415 0.2566457336909479
 420 0.25745136615332642
 425 0.25804068934205404
 430 0.25841942241119709
 435 0.25859383743272202
 440 0.25857068344261092
 445 0.2583571117248542
 450 0.25796060320771852
 455 0.2573888987194124
 460 0.25664993272159486
 465 0.25575177101273217
 470 0.25470255277214504
 475 0.25351043720214206
 480 0.25218355492174427
 485 0.25072996417233839
 490 0.24915761181393914
 495 0.24747429902081453
 500 0.24568765152686123
 505 0.24380509422396945
 510 0.24183382987988444
 515 0.23978082171499882
 520 0.23765277955908426
 525 0.23545614929818748
 530 0.23319710531770921
 535 0.23088154564910612
 540 0.22851508953362099
 545 0.22610307712617139
 550 0.2236505710750889
 555 0.22116235972811593
 560 0.21864296173125397
 565 0.21609663180417726
 570 0.21352736749348822
 575 0.21093891672269383
 580 0.20833478597514987
 585 0.20571824896302926
 590 0.20309235565149653
 595 0.20045994152252777
 600 0.19782363697712224
 605 0.19518587678795385
 610 0.19254890952675907
 615 0.18991480690197637
 620 0.18728547295233999
 625 0.1846626530513058
 630 0.18204794268543922
 635 0.17944279597721746
 640 0.17684853392919098
 645 0.17426635237216392
 650 0.17169732960502015
 655 0.16914243371816062
 660 0.16660252959622868
 665 0.16407838559898003
 670 0.16157067992185048
 675 0.15908000664002742
 680 0.15660688144168933
 685 0.1541517470576238
 690 0.15171497839565307
 695 0.14929688738924518
 700 0.14689772757046049
 705 0.1445176983778913
 710 0.14215694921064082
 715 0.13981558323962151
 720 0.13749366098754368
 725 0.1351912036889974
 730 0.13290819644192831
 735 0.13064459116169602
 740 0.12840030934866942
 745 0.12617524468011265
 750 0.12396926543681297
 755 0.12178221677462553
 760 0.11961392285079309
 765 0.11746418881458531
 770 0.1153328026714836
 775 0.11321953702981069
 780 0.11112415073841331
 785 0.10904639042368847
 790 0.10698599193397185
 795 0.10494268169903598
 800 0.10291617801219954
 805 0.10090619224232111
 810 0.098912429982755956
 815 0.096934592144175769
 820 0.094972375998003788
 825 0.093025476177109767
 830 0.091093585640314667
 835 0.089176396607217434
 840 0.087273601469834206
 845 0.085384893687569297
 850 0.08350996867210847
 855 0.081648524668932243
 860 0.079800263642313296
 865 0.077964892170861777
 870 0.07614212236096507
 875 0.074331672785787006
 880 0.07253326945788352
 885 0.070746646843966809
 890 0.068971548930887416
 895 0.067207730352536355
 900 0.065454957588103158
 905 0.063713010242952062
 910 0.06198168242433677
 915 0.060260784225258601
 920 0.058550143330985183
 925 0.056849606764167504
 930 0.055159042786032009
 935 0.053478342972930859
 940 0.051807424489511256
 945 0.05014623258204165
 950 0.048494743317965328
 955 0.046852966600628321
 960 0.045220949491349249
 965 0.043598779874634341
 970 0.041986590506446597
 975 0.040384563490024283
 980 0.038792935228957437
 985 0.037212001913055071
 990 0.03564212559912916
 995 0.034083740956208586
 1000 0.032537362753059851
 1005 0.031003594175245008
 1010 0.0294831360695329
 1015 0.027976797225335859
 1020 0.026485505816207122
 1025 0.02501032213942278
 1030 0.023552452808522362
 1035 0.022113266572532653
 1040 0.020694311956750533
 1045 0.019297336943557286
 1050 0.017924310938080112
 1055 0.016577449292773827
 1060 0.015259240697473309
 1065 0.013972477777244308
 1070 0.012720291279703977
 1075 0.011506188276352969
 1080 0.01033409484887482
 1085 0.0092084037810088448
 1090 0.0081340278290825685
 1095 0.0071164591986409009
 1100 0.006161835909558433
 1105 0.0052770157855006605
 1110 0.0044696588526182968
 1115 0.0037483189728042543
 1120 0.0031225455627825749
 1125 0.0026029962538263174
 1130 0.0022015613171816328
 1135 0.0019315006028093329
 1140 0.0018075935948225208
 1145 0.0018463029507920226
 1150 0.0020659515315502031
 1155 0.0024869124014801347
 1160 0.0031318105338121738
 1165 0.0040257339253031432
 1170 0.0051964504289774283
 1175 0.0066746247554221316
 1180 0.0084940276590960151
 1185 0.010691726189148043
 1190 0.013308239909524788
 1195 0.01638764305078666
 1200 0.019977586543182269
 1205 0.024129206756825727
 1210 0.028896879616771232
 1215 0.034337769839552057
 1220 0.04051111592454637
 1225 0.047477183232929043
 1230 0.055295811589638699
 1235 0.064024482675969274
 1240 0.073715839203406852
 1245 0.084414606440538553
 1250 0.096153901603823977
 1255 0.10895097228804229
 1260 0.12280248454325882
 1265 0.13767958431524341
 1270 0.1535230772599443
 1275 0.17023919820682798
 1280 0.18769655041227373
 1285 0.20572485542988683
 1290 0.22411613202913294
 1295 0.24262878668126509
 1300 0.26099483471163498
 1305 0.27893009488628495
 1310 0.29614676110836924
 1315 0.31236733495160873
 1320 0.32733859834676537
 1325 0.34084420011714811
 1330 0.35271456469342444
 1335 0.36283318834577893
 1340 0.37113889276777801
 1345 0.3776241484027506
 1350 0.38233005010846766
 1355 0.3853388452275367
 1360 0.38676504572901138
 1365 0.38674611547897253
 1370 0.38543355721461048
 1375 0.38298499075399961
 1380 0.37955756929643447
 1385 0.37530286429252702
 1390 0.37036318305580707
 1395 0.36486917291852594
 1400 0.35893850621246348
 1405 0.35267542087379267
 1410 0.34617089968640014
 1415 0.3395032958665597
 1420 0.33273924501608609
 1425 0.3259347372570286
 1430 0.31913625480457253
 1435 0.31238190736966209
 1440 0.30570251991849529
 1445 0.29912264455636917
 1450 0.29266148118188595
 1455 0.28633370078806208
 1460 0.28015017160826994
 1465 0.27411859239569181
 1470 0.26824403956431853
 1475 0.26252943617746616
 1480 0.25697595121289807
 1485 0.25158333743881078
 1490 0.2463502158050338
 1495 0.2412743136334875
 1500 0.23635266318117143
 1505 0.23158176641443684
 1510 0.2269577311176777
 1515 0.22247638278821658
 1520 0.21813335615578056
 1525 0.21392416961510252
 1530 0.20984428537440702
 1535 0.20588915769813987
 1540 0.20205427125473052
 1545 0.19833517126414735
 1550 0.19472748686973529
 1555 0.19122694892884018
 1560 0.18782940322171426
 1565 0.18453081991339226
 1570 0.1813272999643103
 1575 0.17821507906859535
 1580 0.17519052960088544
 1585 0.17225016097033274
 1590 0.16939061871165972
 1595 0.16660868258563988
 1600 0.16390126391337823
 1605 0.16126540232874886
 1610 0.15869826209998994
 1615 0.15619712814373632
 1620 0.1537594018316909
